timeout: true
blocks:
  - rows: [40256, 40323]
    cols: [40250, 40323]
    dimensions: [67, 73]
    area: 4891
    density: 0.603762
  - rows: [31796, 31861]
    cols: [31778, 31859]
    dimensions: [65, 81]
    area: 5265
    density: 0.57037
