timeout: false
blocks:
  - rows: [4280, 5319)
    cols: [0, 14)
    dimensions: [1039, 14]
    area: 14546
    density: 0.946377
  - rows: [0, 14)
    cols: [4280, 5319)
    dimensions: [14, 1039]
    area: 14546
    density: 0.946377
