timeout: false
blocks:
  - rows: [9813, 11044)
    cols: [160, 164)
    dimensions: [1231, 4]
    area: 4924
    density: 0.987815
  - rows: [160, 164)
    cols: [9813, 11044)
    dimensions: [4, 1231]
    area: 4924
    density: 0.987815
