Found 3 dense submatrix(es):

Block 1:
  Rows: [1025, 1116)
  Cols: [1025, 1116)
  Dimensions: 91 x 91
  Area: 8281
  Density: 0.67033

Block 2:
  Rows: [782, 844)
  Cols: [782, 855)
  Dimensions: 62 x 73
  Area: 4526
  Density: 0.502872

Block 3:
  Rows: [2, 53)
  Cols: [2, 53)
  Dimensions: 51 x 51
  Area: 2601
  Density: 1
