Found 2 dense submatrix(es):

Block 1:
  Rows: [19, 2648)
  Cols: [220, 223)
  Dimensions: 2629 x 3
  Area: 7887
  Density: 0.500063

Block 2:
  Rows: [3041, 3117)
  Cols: [3042, 3118)
  Dimensions: 76 x 76
  Area: 5776
  Density: 0.501212
