Found 2 dense submatrix(es):

Block 1:
  Rows: [4280, 5319)
  Cols: [0, 14)
  Dimensions: 1039 x 14
  Area: 14546
  Density: 0.946377

Block 2:
  Rows: [0, 14)
  Cols: [4280, 5319)
  Dimensions: 14 x 1039
  Area: 14546
  Density: 0.946377
